2.5 0 2.5
2.49921 0.0628252 2.5
2.49684 0.125611 2.5
2.4929 0.188317 2.5
2.48738 0.250904 2.5
2.48029 0.313333 2.5
2.47163 0.375564 2.5
2.46141 0.437558 2.5
2.44964 0.499275 2.5
2.43632 0.560677 2.5
2.42146 0.621725 2.5
2.40507 0.68238 2.5
2.38716 0.742604 2.5
2.36775 0.802359 2.5
2.34683 0.861607 2.5
2.32444 0.920311 2.5
2.30058 0.978434 2.5
2.27526 1.03594 2.5
2.24851 1.09279 2.5
2.22034 1.14895 2.5
2.19077 1.20438 2.5
2.15981 1.25906 2.5
2.12749 1.31294 2.5
2.09382 1.36599 2.5
2.05883 1.41817 2.5
2.02254 1.46946 2.5
1.98498 1.51983 2.5
1.94616 1.56923 2.5
1.90611 1.61764 2.5
1.86485 1.66503 2.5
1.82242 1.71137 2.5
1.77884 1.75662 2.5
1.73413 1.80077 2.5
1.68833 1.84378 2.5
1.64146 1.88563 2.5
1.59356 1.92628 2.5
1.54465 1.96572 2.5
1.49476 2.00392 2.5
1.44393 2.04085 2.5
1.39219 2.07649 2.5
1.33957 2.11082 2.5
1.2861 2.14382 2.5
1.23182 2.17546 2.5
1.17676 2.20573 2.5
1.12096 2.2346 2.5
1.06445 2.26207 2.5
1.00727 2.2881 2.5
0.949448 2.31269 2.5
0.89103 2.33582 2.5
0.832049 2.35748 2.5
0.772542 2.37764 2.5
0.712548 2.3963 2.5
0.652104 2.41345 2.5
0.591247 2.42908 2.5
0.530018 2.44317 2.5
0.468453 2.45572 2.5
0.406593 2.46671 2.5
0.344476 2.47615 2.5
0.282141 2.48403 2.5
0.219628 2.49033 2.5
0.156976 2.49507 2.5
0.0942255 2.49822 2.5
0.0314151 2.4998 2.5
-0.0314151 2.4998 2.5
-0.0942255 2.49822 2.5
-0.156976 2.49507 2.5
-0.219628 2.49033 2.5
-0.282141 2.48403 2.5
-0.344476 2.47615 2.5
-0.406593 2.46671 2.5
-0.468453 2.45572 2.5
-0.530018 2.44317 2.5
-0.591247 2.42908 2.5
-0.652104 2.41345 2.5
-0.712548 2.3963 2.5
-0.772542 2.37764 2.5
-0.832049 2.35748 2.5
-0.89103 2.33582 2.5
-0.949448 2.31269 2.5
-1.00727 2.2881 2.5
-1.06445 2.26207 2.5
-1.12096 2.2346 2.5
-1.17676 2.20573 2.5
-1.23182 2.17546 2.5
-1.2861 2.14382 2.5
-1.33957 2.11082 2.5
-1.39219 2.07649 2.5
-1.44393 2.04085 2.5
-1.49476 2.00392 2.5
-1.54465 1.96572 2.5
-1.59356 1.92628 2.5
-1.64146 1.88563 2.5
-1.68833 1.84378 2.5
-1.73413 1.80077 2.5
-1.77884 1.75662 2.5
-1.82242 1.71137 2.5
-1.86485 1.66503 2.5
-1.90611 1.61764 2.5
-1.94616 1.56923 2.5
-1.98498 1.51983 2.5
-2.02254 1.46946 2.5
-2.05883 1.41817 2.5
-2.09382 1.36599 2.5
-2.12749 1.31294 2.5
-2.15981 1.25906 2.5
-2.19077 1.20438 2.5
-2.22034 1.14895 2.5
-2.24851 1.09279 2.5
-2.27526 1.03594 2.5
-2.30058 0.978434 2.5
-2.32444 0.920311 2.5
-2.34683 0.861607 2.5
-2.36775 0.802359 2.5
-2.38716 0.742604 2.5
-2.40507 0.68238 2.5
-2.42146 0.621725 2.5
-2.43632 0.560677 2.5
-2.44964 0.499275 2.5
-2.46141 0.437558 2.5
-2.47163 0.375564 2.5
-2.48029 0.313333 2.5
-2.48738 0.250904 2.5
-2.4929 0.188317 2.5
-2.49684 0.125611 2.5
-2.49921 0.0628252 2.5
-2.5 3.06152e-16 2.5
-2.49921 -0.0628252 2.5
-2.49684 -0.125611 2.5
-2.4929 -0.188317 2.5
-2.48738 -0.250904 2.5
-2.48029 -0.313333 2.5
-2.47163 -0.375564 2.5
-2.46141 -0.437558 2.5
-2.44964 -0.499275 2.5
-2.43632 -0.560677 2.5
-2.42146 -0.621725 2.5
-2.40507 -0.68238 2.5
-2.38716 -0.742604 2.5
-2.36775 -0.802359 2.5
-2.34683 -0.861607 2.5
-2.32444 -0.920311 2.5
-2.30058 -0.978434 2.5
-2.27526 -1.03594 2.5
-2.24851 -1.09279 2.5
-2.22034 -1.14895 2.5
-2.19077 -1.20438 2.5
-2.15981 -1.25906 2.5
-2.12749 -1.31294 2.5
-2.09382 -1.36599 2.5
-2.05883 -1.41817 2.5
-2.02254 -1.46946 2.5
-1.98498 -1.51983 2.5
-1.94616 -1.56923 2.5
-1.90611 -1.61764 2.5
-1.86485 -1.66503 2.5
-1.82242 -1.71137 2.5
-1.77884 -1.75662 2.5
-1.73413 -1.80077 2.5
-1.68833 -1.84378 2.5
-1.64146 -1.88563 2.5
-1.59356 -1.92628 2.5
-1.54465 -1.96572 2.5
-1.49476 -2.00392 2.5
-1.44393 -2.04085 2.5
-1.39219 -2.07649 2.5
-1.33957 -2.11082 2.5
-1.2861 -2.14382 2.5
-1.23182 -2.17546 2.5
-1.17676 -2.20573 2.5
-1.12096 -2.2346 2.5
-1.06445 -2.26207 2.5
-1.00727 -2.2881 2.5
-0.949448 -2.31269 2.5
-0.89103 -2.33582 2.5
-0.832049 -2.35748 2.5
-0.772542 -2.37764 2.5
-0.712548 -2.3963 2.5
-0.652104 -2.41345 2.5
-0.591247 -2.42908 2.5
-0.530018 -2.44317 2.5
-0.468453 -2.45572 2.5
-0.406593 -2.46671 2.5
-0.344476 -2.47615 2.5
-0.282141 -2.48403 2.5
-0.219628 -2.49033 2.5
-0.156976 -2.49507 2.5
-0.0942255 -2.49822 2.5
-0.0314151 -2.4998 2.5
0.0314151 -2.4998 2.5
0.0942255 -2.49822 2.5
0.156976 -2.49507 2.5
0.219628 -2.49033 2.5
0.282141 -2.48403 2.5
0.344476 -2.47615 2.5
0.406593 -2.46671 2.5
0.468453 -2.45572 2.5
0.530018 -2.44317 2.5
0.591247 -2.42908 2.5
0.652104 -2.41345 2.5
0.712548 -2.3963 2.5
0.772542 -2.37764 2.5
0.832049 -2.35748 2.5
0.89103 -2.33582 2.5
0.949448 -2.31269 2.5
1.00727 -2.2881 2.5
1.06445 -2.26207 2.5
1.12096 -2.2346 2.5
1.17676 -2.20573 2.5
1.23182 -2.17546 2.5
1.2861 -2.14382 2.5
1.33957 -2.11082 2.5
1.39219 -2.07649 2.5
1.44393 -2.04085 2.5
1.49476 -2.00392 2.5
1.54465 -1.96572 2.5
1.59356 -1.92628 2.5
1.64146 -1.88563 2.5
1.68833 -1.84378 2.5
1.73413 -1.80077 2.5
1.77884 -1.75662 2.5
1.82242 -1.71137 2.5
1.86485 -1.66503 2.5
1.90611 -1.61764 2.5
1.94616 -1.56923 2.5
1.98498 -1.51983 2.5
2.02254 -1.46946 2.5
2.05883 -1.41817 2.5
2.09382 -1.36599 2.5
2.12749 -1.31294 2.5
2.15981 -1.25906 2.5
2.19077 -1.20438 2.5
2.22034 -1.14895 2.5
2.24851 -1.09279 2.5
2.27526 -1.03594 2.5
2.30058 -0.978434 2.5
2.32444 -0.920311 2.5
2.34683 -0.861607 2.5
2.36775 -0.802359 2.5
2.38716 -0.742604 2.5
2.40507 -0.68238 2.5
2.42146 -0.621725 2.5
2.43632 -0.560677 2.5
2.44964 -0.499275 2.5
2.46141 -0.437558 2.5
2.47163 -0.375564 2.5
2.48029 -0.313333 2.5
2.48738 -0.250904 2.5
2.4929 -0.188317 2.5
2.49684 -0.125611 2.5
2.49921 -0.0628252 2.5
