5 0 5 3
4.99842 0.0753903 5 3
4.99368 0.150733 5 3
4.98579 0.22598 5 3
4.97476 0.301085 5 3
4.96057 0.376 5 3
4.94326 0.450677 5 3
4.92282 0.525069 5 3
4.89928 0.59913 5 3
4.87263 0.672812 5 3
4.84292 0.74607 5 3
4.81014 0.818856 5 3
4.77432 0.891125 5 3
4.73549 0.962831 5 3
4.69367 1.03393 5 3
4.64888 1.10437 5 3
4.60116 1.17412 5 3
4.55053 1.24313 5 3
4.49703 1.31135 5 3
4.44068 1.37874 5 3
4.38153 1.44526 5 3
4.31962 1.51087 5 3
4.25497 1.57552 5 3
4.18764 1.63918 5 3
4.11766 1.70181 5 3
4.04508 1.76336 5 3
3.96995 1.82379 5 3
3.89231 1.88307 5 3
3.81221 1.94117 5 3
3.72971 1.99804 5 3
3.64484 2.05364 5 3
3.55768 2.10795 5 3
3.46827 2.16093 5 3
3.37666 2.21254 5 3
3.28293 2.26275 5 3
3.18712 2.31154 5 3
3.0893 2.35887 5 3
2.98952 2.4047 5 3
2.88786 2.44902 5 3
2.78438 2.49179 5 3
2.67913 2.53298 5 3
2.5722 2.57258 5 3
2.46364 2.61055 5 3
2.35352 2.64687 5 3
2.24192 2.68152 5 3
2.1289 2.71448 5 3
2.01453 2.74572 5 3
1.8989 2.77523 5 3
1.78206 2.80299 5 3
1.6641 2.82897 5 3
1.54508 2.85317 5 3
1.4251 2.87557 5 3
1.30421 2.89614 5 3
1.18249 2.9149 5 3
1.06004 2.9318 5 3
0.936907 2.94686 5 3
0.813186 2.96006 5 3
0.688951 2.97138 5 3
0.564282 2.98083 5 3
0.439256 2.9884 5 3
0.313953 2.99408 5 3
0.188451 2.99787 5 3
0.0628302 2.99976 5 3
-0.0628302 2.99976 5 3
-0.188451 2.99787 5 3
-0.313953 2.99408 5 3
-0.439256 2.9884 5 3
-0.564282 2.98083 5 3
-0.688951 2.97138 5 3
-0.813186 2.96006 5 3
-0.936907 2.94686 5 3
-1.06004 2.9318 5 3
-1.18249 2.9149 5 3
-1.30421 2.89614 5 3
-1.4251 2.87557 5 3
-1.54508 2.85317 5 3
-1.6641 2.82897 5 3
-1.78206 2.80299 5 3
-1.8989 2.77523 5 3
-2.01453 2.74572 5 3
-2.1289 2.71448 5 3
-2.24192 2.68152 5 3
-2.35352 2.64687 5 3
-2.46364 2.61055 5 3
-2.5722 2.57258 5 3
-2.67913 2.53298 5 3
-2.78438 2.49179 5 3
-2.88786 2.44902 5 3
-2.98952 2.4047 5 3
-3.0893 2.35887 5 3
-3.18712 2.31154 5 3
-3.28293 2.26275 5 3
-3.37666 2.21254 5 3
-3.46827 2.16093 5 3
-3.55768 2.10795 5 3
-3.64484 2.05364 5 3
-3.72971 1.99804 5 3
-3.81221 1.94117 5 3
-3.89231 1.88307 5 3
-3.96995 1.82379 5 3
-4.04508 1.76336 5 3
-4.11766 1.70181 5 3
-4.18764 1.63918 5 3
-4.25497 1.57552 5 3
-4.31962 1.51087 5 3
-4.38153 1.44526 5 3
-4.44068 1.37874 5 3
-4.49703 1.31135 5 3
-4.55053 1.24313 5 3
-4.60116 1.17412 5 3
-4.64888 1.10437 5 3
-4.69367 1.03393 5 3
-4.73549 0.962831 5 3
-4.77432 0.891125 5 3
-4.81014 0.818856 5 3
-4.84292 0.74607 5 3
-4.87263 0.672812 5 3
-4.89928 0.59913 5 3
-4.92282 0.525069 5 3
-4.94326 0.450677 5 3
-4.96057 0.376 5 3
-4.97476 0.301085 5 3
-4.98579 0.22598 5 3
-4.99368 0.150733 5 3
-4.99842 0.0753903 5 3
-5 3.67382e-16 5 3
-4.99842 -0.0753903 5 3
-4.99368 -0.150733 5 3
-4.98579 -0.22598 5 3
-4.97476 -0.301085 5 3
-4.96057 -0.376 5 3
-4.94326 -0.450677 5 3
-4.92282 -0.525069 5 3
-4.89928 -0.59913 5 3
-4.87263 -0.672812 5 3
-4.84292 -0.74607 5 3
-4.81014 -0.818856 5 3
-4.77432 -0.891125 5 3
-4.73549 -0.962831 5 3
-4.69367 -1.03393 5 3
-4.64888 -1.10437 5 3
-4.60116 -1.17412 5 3
-4.55053 -1.24313 5 3
-4.49703 -1.31135 5 3
-4.44068 -1.37874 5 3
-4.38153 -1.44526 5 3
-4.31962 -1.51087 5 3
-4.25497 -1.57552 5 3
-4.18764 -1.63918 5 3
-4.11766 -1.70181 5 3
-4.04508 -1.76336 5 3
-3.96995 -1.82379 5 3
-3.89231 -1.88307 5 3
-3.81221 -1.94117 5 3
-3.72971 -1.99804 5 3
-3.64484 -2.05364 5 3
-3.55768 -2.10795 5 3
-3.46827 -2.16093 5 3
-3.37666 -2.21254 5 3
-3.28293 -2.26275 5 3
-3.18712 -2.31154 5 3
-3.0893 -2.35887 5 3
-2.98952 -2.4047 5 3
-2.88786 -2.44902 5 3
-2.78438 -2.49179 5 3
-2.67913 -2.53298 5 3
-2.5722 -2.57258 5 3
-2.46364 -2.61055 5 3
-2.35352 -2.64687 5 3
-2.24192 -2.68152 5 3
-2.1289 -2.71448 5 3
-2.01453 -2.74572 5 3
-1.8989 -2.77523 5 3
-1.78206 -2.80299 5 3
-1.6641 -2.82897 5 3
-1.54508 -2.85317 5 3
-1.4251 -2.87557 5 3
-1.30421 -2.89614 5 3
-1.18249 -2.9149 5 3
-1.06004 -2.9318 5 3
-0.936907 -2.94686 5 3
-0.813186 -2.96006 5 3
-0.688951 -2.97138 5 3
-0.564282 -2.98083 5 3
-0.439256 -2.9884 5 3
-0.313953 -2.99408 5 3
-0.188451 -2.99787 5 3
-0.0628302 -2.99976 5 3
0.0628302 -2.99976 5 3
0.188451 -2.99787 5 3
0.313953 -2.99408 5 3
0.439256 -2.9884 5 3
0.564282 -2.98083 5 3
0.688951 -2.97138 5 3
0.813186 -2.96006 5 3
0.936907 -2.94686 5 3
1.06004 -2.9318 5 3
1.18249 -2.9149 5 3
1.30421 -2.89614 5 3
1.4251 -2.87557 5 3
1.54508 -2.85317 5 3
1.6641 -2.82897 5 3
1.78206 -2.80299 5 3
1.8989 -2.77523 5 3
2.01453 -2.74572 5 3
2.1289 -2.71448 5 3
2.24192 -2.68152 5 3
2.35352 -2.64687 5 3
2.46364 -2.61055 5 3
2.5722 -2.57258 5 3
2.67913 -2.53298 5 3
2.78438 -2.49179 5 3
2.88786 -2.44902 5 3
2.98952 -2.4047 5 3
3.0893 -2.35887 5 3
3.18712 -2.31154 5 3
3.28293 -2.26275 5 3
3.37666 -2.21254 5 3
3.46827 -2.16093 5 3
3.55768 -2.10795 5 3
3.64484 -2.05364 5 3
3.72971 -1.99804 5 3
3.81221 -1.94117 5 3
3.89231 -1.88307 5 3
3.96995 -1.82379 5 3
4.04508 -1.76336 5 3
4.11766 -1.70181 5 3
4.18764 -1.63918 5 3
4.25497 -1.57552 5 3
4.31962 -1.51087 5 3
4.38153 -1.44526 5 3
4.44068 -1.37874 5 3
4.49703 -1.31135 5 3
4.55053 -1.24313 5 3
4.60116 -1.17412 5 3
4.64888 -1.10437 5 3
4.69367 -1.03393 5 3
4.73549 -0.962831 5 3
4.77432 -0.891125 5 3
4.81014 -0.818856 5 3
4.84292 -0.74607 5 3
4.87263 -0.672812 5 3
4.89928 -0.59913 5 3
4.92282 -0.525069 5 3
4.94326 -0.450677 5 3
4.96057 -0.376 5 3
4.97476 -0.301085 5 3
4.98579 -0.22598 5 3
4.99368 -0.150733 5 3
4.99842 -0.0753903 5 3
